xof 0303txt 0032


template VertexDuplicationIndices { 
 <b8d65549-d7c9-4995-89cf-53a9a8b031e3>
 DWORD nIndices;
 DWORD nOriginalVertices;
 array DWORD indices[nIndices];
}
template XSkinMeshHeader {
 <3cf169ce-ff7c-44ab-93c0-f78f62d172e2>
 WORD nMaxSkinWeightsPerVertex;
 WORD nMaxSkinWeightsPerFace;
 WORD nBones;
}
template SkinWeights {
 <6f0d123b-bad2-4167-a0d0-80224f25fabb>
 STRING transformNodeName;
 DWORD nWeights;
 array DWORD vertexIndices[nWeights];
 array float weights[nWeights];
 Matrix4x4 matrixOffset;
}

Frame RootFrame {

  FrameTransformMatrix {
    1.000000,0.000000,0.000000,0.000000,
    0.000000,1.000000,0.000000,0.000000,
    0.000000,0.000000,1.000000,0.000000,
    0.000000,0.000000,0.000000,1.000000;;
  }
    Frame Bone {

      FrameTransformMatrix {
        0.999300,0.025300,0.026200,0.000000,
        -0.026200,0.999200,0.031200,0.000000,
        -0.025300,-0.031900,0.999200,0.000000,
        0.000000,0.000000,0.000000,1.000000;;
      }
      Frame Bone_001 {

        FrameTransformMatrix {
          -0.887300,-0.002600,-0.461200,0.000000,
          0.034600,0.996800,-0.072100,0.000000,
          0.459900,-0.079900,-0.884400,0.000000,
          -0.000000,0.887400,-0.000000,1.000000;;
        }
      }
  }  // End of the Bone Bone 
      Frame Cube {

        FrameTransformMatrix {
          0.318400,0.000000,0.000000,0.000000,
          0.000000,0.318400,0.000000,0.000000,
          0.000000,0.000000,0.318400,0.000000,
          -0.016900,1.566500,-0.030300,1.000000;;
        }
Mesh {
84;
0.301500; 0.241600; -0.348700;,
0.301500; 0.241600; 0.288100;,
-0.335300; 0.241600; -0.348700;,
0.301500; 0.241600; 0.288100;,
-0.335300; 0.241600; 0.288100;,
-0.335300; 0.241600; -0.348700;,
0.301500; 0.678300; 0.288100;,
-0.335300; 0.678300; 0.288100;,
-0.335300; 0.241600; 0.288100;,
0.301500; 0.678300; 0.288100;,
-0.335300; 0.241600; 0.288100;,
0.301500; 0.241600; 0.288100;,
-0.335300; 0.678300; 0.288100;,
-0.335300; 0.678300; -0.348700;,
-0.335300; 0.241600; 0.288100;,
-0.335300; 0.678300; -0.348700;,
-0.335300; 0.241600; -0.348700;,
-0.335300; 0.241600; 0.288100;,
0.301500; 0.678300; -0.348700;,
0.301500; 0.678300; 0.288100;,
0.301500; 0.241600; -0.348700;,
0.301500; 0.678300; 0.288100;,
0.301500; 0.241600; 0.288100;,
0.301500; 0.241600; -0.348700;,
-0.335300; 0.678300; -0.348700;,
0.301500; 0.678300; -0.348700;,
0.301500; 0.241600; -0.348700;,
-0.335300; 0.678300; -0.348700;,
0.301500; 0.241600; -0.348700;,
-0.335300; 0.241600; -0.348700;,
-0.335300; 1.248100; -0.348700;,
0.301500; 1.248100; -0.348700;,
0.301500; 0.678300; -0.348700;,
-0.335300; 1.248100; -0.348700;,
0.301500; 0.678300; -0.348700;,
-0.335300; 0.678300; -0.348700;,
0.301500; 1.248100; -0.348700;,
0.301500; 1.248100; 0.288100;,
0.301500; 0.678300; -0.348700;,
0.301500; 1.248100; 0.288100;,
0.301500; 0.678300; 0.288100;,
0.301500; 0.678300; -0.348700;,
-0.335300; 1.248100; 0.288100;,
-0.335300; 1.248100; -0.348700;,
-0.335300; 0.678300; 0.288100;,
-0.335300; 1.248100; -0.348700;,
-0.335300; 0.678300; -0.348700;,
-0.335300; 0.678300; 0.288100;,
0.301500; 1.248100; 0.288100;,
-0.335300; 1.248100; 0.288100;,
-0.335300; 0.678300; 0.288100;,
0.301500; 1.248100; 0.288100;,
-0.335300; 0.678300; 0.288100;,
0.301500; 0.678300; 0.288100;,
0.301500; 1.884900; 0.288100;,
0.301500; 1.884900; -0.348700;,
-0.335300; 1.884900; 0.288100;,
0.301500; 1.884900; -0.348700;,
-0.335300; 1.884900; -0.348700;,
-0.335300; 1.884900; 0.288100;,
-0.335300; 1.248100; -0.348700;,
-0.335300; 1.248100; 0.288100;,
-0.335300; 1.884900; 0.288100;,
-0.335300; 1.248100; -0.348700;,
-0.335300; 1.884900; 0.288100;,
-0.335300; 1.884900; -0.348700;,
0.301500; 1.884900; -0.348700;,
0.301500; 1.884900; 0.288100;,
0.301500; 1.248100; -0.348700;,
0.301500; 1.884900; 0.288100;,
0.301500; 1.248100; 0.288100;,
0.301500; 1.248100; -0.348700;,
0.301500; 1.884900; 0.288100;,
-0.335300; 1.884900; 0.288100;,
-0.335300; 1.248100; 0.288100;,
0.301500; 1.884900; 0.288100;,
-0.335300; 1.248100; 0.288100;,
0.301500; 1.248100; 0.288100;,
0.301500; 1.884900; -0.348700;,
0.301500; 1.248100; -0.348700;,
-0.335300; 1.248100; -0.348700;,
0.301500; 1.884900; -0.348700;,
-0.335300; 1.248100; -0.348700;,
-0.335300; 1.884900; -0.348700;;
28;
3; 0, 1, 2;,
3; 3, 4, 5;,
3; 6, 7, 8;,
3; 9, 10, 11;,
3; 12, 13, 14;,
3; 15, 16, 17;,
3; 18, 19, 20;,
3; 21, 22, 23;,
3; 24, 25, 26;,
3; 27, 28, 29;,
3; 30, 31, 32;,
3; 33, 34, 35;,
3; 36, 37, 38;,
3; 39, 40, 41;,
3; 42, 43, 44;,
3; 45, 46, 47;,
3; 48, 49, 50;,
3; 51, 52, 53;,
3; 54, 55, 56;,
3; 57, 58, 59;,
3; 60, 61, 62;,
3; 63, 64, 65;,
3; 66, 67, 68;,
3; 69, 70, 71;,
3; 72, 73, 74;,
3; 75, 76, 77;,
3; 78, 79, 80;,
3; 81, 82, 83;;
  MeshMaterialList {
    1;
    28;
    0,
    0,
    0,
    0,
    0,
    0,
    0,
    0,
    0,
    0,
    0,
    0,
    0,
    0,
    0,
    0,
    0,
    0,
    0,
    0,
    0,
    0,
    0,
    0,
    0,
    0,
    0,
    0;;
  Material Material {
    0.800000; 0.800000; 0.800000;1.0;;
    0.500000;
    1.000000; 1.000000; 1.000000;;
    0.0; 0.0; 0.0;;
  }  //End of Material
    }  //End of MeshMaterialList
  MeshNormals {
84;
    0.666667; -0.333333; -0.666667;,
    0.408248; -0.816497; 0.408248;,
    -0.408248; -0.816496; -0.408248;,
    0.408248; -0.816497; 0.408248;,
    -0.666667; -0.333333; 0.666667;,
    -0.408248; -0.816496; -0.408248;,
    0.707107; -0.000000; 0.707107;,
    -0.707107; 0.000000; 0.707107;,
    -0.666667; -0.333333; 0.666667;,
    0.707107; -0.000000; 0.707107;,
    -0.666667; -0.333333; 0.666667;,
    0.408248; -0.816497; 0.408248;,
    -0.707107; 0.000000; 0.707107;,
    -0.707107; 0.000000; -0.707107;,
    -0.666667; -0.333333; 0.666667;,
    -0.707107; 0.000000; -0.707107;,
    -0.408248; -0.816496; -0.408248;,
    -0.666667; -0.333333; 0.666667;,
    0.707107; -0.000000; -0.707107;,
    0.707107; -0.000000; 0.707107;,
    0.666667; -0.333333; -0.666667;,
    0.707107; -0.000000; 0.707107;,
    0.408248; -0.816497; 0.408248;,
    0.666667; -0.333333; -0.666667;,
    -0.707107; 0.000000; -0.707107;,
    0.707107; -0.000000; -0.707107;,
    0.666667; -0.333333; -0.666667;,
    -0.707107; 0.000000; -0.707107;,
    0.666667; -0.333333; -0.666667;,
    -0.408248; -0.816496; -0.408248;,
    -0.707107; 0.000000; -0.707107;,
    0.832050; -0.000000; -0.554700;,
    0.707107; -0.000000; -0.707107;,
    -0.707107; 0.000000; -0.707107;,
    0.707107; -0.000000; -0.707107;,
    -0.707107; 0.000000; -0.707107;,
    0.832050; -0.000000; -0.554700;,
    0.707107; -0.000000; 0.707107;,
    0.707107; -0.000000; -0.707107;,
    0.707107; -0.000000; 0.707107;,
    0.707107; -0.000000; 0.707107;,
    0.707107; -0.000000; -0.707107;,
    -0.554700; 0.000000; 0.832050;,
    -0.707107; 0.000000; -0.707107;,
    -0.707107; 0.000000; 0.707107;,
    -0.707107; 0.000000; -0.707107;,
    -0.707107; 0.000000; -0.707107;,
    -0.707107; 0.000000; 0.707107;,
    0.707107; -0.000000; 0.707107;,
    -0.554700; 0.000000; 0.832050;,
    -0.707107; 0.000000; 0.707107;,
    0.707107; -0.000000; 0.707107;,
    -0.707107; 0.000000; 0.707107;,
    0.707107; -0.000000; 0.707107;,
    0.666667; 0.333333; 0.666667;,
    0.333333; 0.666667; -0.666667;,
    -0.666667; 0.666667; 0.333333;,
    0.333333; 0.666667; -0.666667;,
    -0.577350; 0.577350; -0.577350;,
    -0.666667; 0.666667; 0.333333;,
    -0.707107; 0.000000; -0.707107;,
    -0.554700; 0.000000; 0.832050;,
    -0.666667; 0.666667; 0.333333;,
    -0.707107; 0.000000; -0.707107;,
    -0.666667; 0.666667; 0.333333;,
    -0.577350; 0.577350; -0.577350;,
    0.333333; 0.666667; -0.666667;,
    0.666667; 0.333333; 0.666667;,
    0.832050; -0.000000; -0.554700;,
    0.666667; 0.333333; 0.666667;,
    0.707107; -0.000000; 0.707107;,
    0.832050; -0.000000; -0.554700;,
    0.666667; 0.333333; 0.666667;,
    -0.666667; 0.666667; 0.333333;,
    -0.554700; 0.000000; 0.832050;,
    0.666667; 0.333333; 0.666667;,
    -0.554700; 0.000000; 0.832050;,
    0.707107; -0.000000; 0.707107;,
    0.333333; 0.666667; -0.666667;,
    0.832050; -0.000000; -0.554700;,
    -0.707107; 0.000000; -0.707107;,
    0.333333; 0.666667; -0.666667;,
    -0.707107; 0.000000; -0.707107;,
    -0.577350; 0.577350; -0.577350;;
28;
3; 0, 1, 2;,
3; 3, 4, 5;,
3; 6, 7, 8;,
3; 9, 10, 11;,
3; 12, 13, 14;,
3; 15, 16, 17;,
3; 18, 19, 20;,
3; 21, 22, 23;,
3; 24, 25, 26;,
3; 27, 28, 29;,
3; 30, 31, 32;,
3; 33, 34, 35;,
3; 36, 37, 38;,
3; 39, 40, 41;,
3; 42, 43, 44;,
3; 45, 46, 47;,
3; 48, 49, 50;,
3; 51, 52, 53;,
3; 54, 55, 56;,
3; 57, 58, 59;,
3; 60, 61, 62;,
3; 63, 64, 65;,
3; 66, 67, 68;,
3; 69, 70, 71;,
3; 72, 73, 74;,
3; 75, 76, 77;,
3; 78, 79, 80;,
3; 81, 82, 83;;
}  //End of MeshNormals
  XSkinMeshHeader {
    2; 
    6; 
    2; 
  }
  SkinWeights {
    "Bone_001"; 
     84; 
    55, 
    57, 
    66, 
    78, 
    81, 
    31, 
    36, 
    68, 
    71, 
    79, 
    30, 
    33, 
    43, 
    45, 
    60, 
    63, 
    80, 
    82, 
    58, 
    65, 
    83, 
    54, 
    67, 
    69, 
    72, 
    75, 
    37, 
    39, 
    48, 
    51, 
    70, 
    77, 
    42, 
    49, 
    61, 
    74, 
    76, 
    56, 
    59, 
    62, 
    64, 
    73, 
    6, 
    9, 
    19, 
    21, 
    40, 
    53, 
    7, 
    12, 
    44, 
    47, 
    50, 
    52, 
    13, 
    15, 
    24, 
    27, 
    35, 
    46, 
    18, 
    25, 
    32, 
    34, 
    38, 
    41, 
    2, 
    5, 
    16, 
    29, 
    0, 
    20, 
    23, 
    26, 
    28, 
    1, 
    3, 
    11, 
    22, 
    4, 
    8, 
    10, 
    14, 
    17; 
    1.000000, 
    1.000000, 
    1.000000, 
    1.000000, 
    1.000000, 
    0.885444, 
    0.885444, 
    0.885444, 
    0.885444, 
    0.885444, 
    0.887979, 
    0.887979, 
    0.887979, 
    0.887979, 
    0.887979, 
    0.887979, 
    0.887979, 
    0.887979, 
    1.000000, 
    1.000000, 
    1.000000, 
    1.000000, 
    1.000000, 
    1.000000, 
    1.000000, 
    1.000000, 
    0.903746, 
    0.903746, 
    0.903746, 
    0.903746, 
    0.903746, 
    0.903746, 
    0.905191, 
    0.905191, 
    0.905191, 
    0.905191, 
    0.905191, 
    1.000000, 
    1.000000, 
    1.000000, 
    1.000000, 
    1.000000, 
    0.107120, 
    0.107120, 
    0.107120, 
    0.107120, 
    0.107120, 
    0.107120, 
    0.107219, 
    0.107219, 
    0.107219, 
    0.107219, 
    0.107219, 
    0.107219, 
    0.129312, 
    0.129312, 
    0.129312, 
    0.129312, 
    0.129312, 
    0.129312, 
    0.129488, 
    0.129488, 
    0.129488, 
    0.129488, 
    0.129488, 
    0.129488, 
    0.024480, 
    0.024480, 
    0.024480, 
    0.024480, 
    0.027702, 
    0.027702, 
    0.027702, 
    0.027702, 
    0.027702, 
    0.003377, 
    0.003377, 
    0.003377, 
    0.003377, 
    0.010877, 
    0.010877, 
    0.010877, 
    0.010877, 
    0.010877; 
          -0.875000,0.010300,0.484100,-0.000000,
          -0.010300,0.999100,-0.040000,0.000000,
          -0.484100,-0.040000,-0.874100,-0.000000,
          0.002300,-0.884500,0.070900,1.000000;;
        }
  SkinWeights {
    "Bone"; 
     66; 
    31, 
    36, 
    68, 
    71, 
    79, 
    30, 
    33, 
    43, 
    45, 
    60, 
    63, 
    80, 
    82, 
    37, 
    39, 
    48, 
    51, 
    70, 
    77, 
    42, 
    49, 
    61, 
    74, 
    76, 
    6, 
    9, 
    19, 
    21, 
    40, 
    53, 
    7, 
    12, 
    44, 
    47, 
    50, 
    52, 
    13, 
    15, 
    24, 
    27, 
    35, 
    46, 
    18, 
    25, 
    32, 
    34, 
    38, 
    41, 
    2, 
    5, 
    16, 
    29, 
    0, 
    20, 
    23, 
    26, 
    28, 
    1, 
    3, 
    11, 
    22, 
    4, 
    8, 
    10, 
    14, 
    17; 
    0.114556, 
    0.114556, 
    0.114556, 
    0.114556, 
    0.114556, 
    0.112021, 
    0.112021, 
    0.112021, 
    0.112021, 
    0.112021, 
    0.112021, 
    0.112021, 
    0.112021, 
    0.096254, 
    0.096254, 
    0.096254, 
    0.096254, 
    0.096254, 
    0.096254, 
    0.094809, 
    0.094809, 
    0.094809, 
    0.094809, 
    0.094809, 
    0.892880, 
    0.892880, 
    0.892880, 
    0.892880, 
    0.892880, 
    0.892880, 
    0.892781, 
    0.892781, 
    0.892781, 
    0.892781, 
    0.892781, 
    0.892781, 
    0.870688, 
    0.870688, 
    0.870688, 
    0.870688, 
    0.870688, 
    0.870688, 
    0.870512, 
    0.870512, 
    0.870512, 
    0.870512, 
    0.870512, 
    0.870512, 
    0.975520, 
    0.975520, 
    0.975520, 
    0.975520, 
    0.972298, 
    0.972298, 
    0.972298, 
    0.972298, 
    0.972298, 
    0.996623, 
    0.996623, 
    0.996623, 
    0.996623, 
    0.989123, 
    0.989123, 
    0.989123, 
    0.989123, 
    0.989123; 
          0.999300,-0.026200,-0.025300,-0.000000,
          0.025300,0.999200,-0.031900,0.000000,
          0.026200,0.031200,0.999200,-0.000000,
          -0.000000,0.000000,-0.000000,1.000000;;
        }
  } // End of XSkinMeshHeader
  }  // End of the Object Cube 
}  // End of the Root Frame
AnimationSet AnimationSet0 {
 Animation { 
  { Bone_001 }
  AnimationKey { 
   4;
   5; 
   1;16;-0.887300,-0.002600,-0.461200,0.000000,0.034600,0.996800,-0.072100,0.000000,0.459900,-0.079900,-0.884400,0.000000,-0.000000,0.887400,-0.000000,1.000000;;,
   10;16;-0.680000,0.520600,-0.516300,0.000000,0.655500,0.747200,-0.109900,0.000000,0.328500,-0.413200,-0.849300,0.000000,-0.000000,0.887400,-0.000000,1.000000;;,
   20;16;-0.887300,-0.002600,-0.461200,0.000000,0.034600,0.996800,-0.072100,0.000000,0.459900,-0.079900,-0.884400,0.000000,-0.000000,0.887400,-0.000000,1.000000;;,
   30;16;-0.566100,-0.692000,-0.448000,0.000000,-0.760400,0.648200,-0.040400,0.000000,0.318300,0.317800,-0.893100,0.000000,-0.000000,0.887400,-0.000000,1.000000;;,
   40;16;-0.887300,-0.002600,-0.461200,0.000000,0.034600,0.996800,-0.072100,0.000000,0.459900,-0.079900,-0.884400,0.000000,-0.000000,0.887400,-0.000000,1.000000;;;
   }
 }

} // End of Animation Set
